6
Data/Textures/backs/019.jpg
Data/Textures/Rect/Simple/9s.png
Data/Textures/Rect/Simple/3s.png
Data/Textures/Rect/Simple/8s.png
Data/Textures/Circ/DLX/61.png
Data/Textures/Rect/Simple/10s.png
50
526 460 0 2 1.6 25 4 1
506 420 0 2 1.6 25 4 2
486 380 0 2 1.6 25 4 3
466 340 0 2 1.6 25 4 4
446 300 0 2 1.6 25 4 5
466 260 0 2 1.6 25 4 4
486 220 0 2 1.6 25 4 3
506 180 0 2 1.6 25 4 2

150 500 0 0 2 25 4 2
400 500 0 0 2 25 4 3
250 500 0 1 2 25 4 3
175 450 0 0 2 25 4 2
375 450 0 0 2 25 4 3
275 450 0 1 2 25 4 2
200 400 0 0 2 25 4 6
225 350 0 0 2 25 4 5
250 300 0 0 2 25 4 4
275 250 0 0 2 25 4 1
325 250 0 4 2 25 4 1
375 250 0 0 2 25 4 1

500 570 0 1 1.8 25 4 7
523 525 0 1 1.8 25 4 1
568 525 0 0 1.8 25 4 2
658 525 0 1 1.8 25 4 2
748 525 0 0 1.8 25 4 1
545 480 0 0 1.8 25 4 3
680 480 0 1 1.8 25 4 1
725 480 0 0 1.8 25 4 1
568 435 0 0 1.8 25 4 4
590 390 0 0 1.8 25 4 3
613 345 0 0 1.8 25 4 2
635 300 0 0 1.8 25 4 1

534 115 0 3 0.5 50 4 1
522 134 0 3 0.5 50 4 1
546 132 0 3 0.5 50 4 1
560 144 0 3 0.5 50 4 1
507 147 0 3 0.5 50 4 2
515 158 0 3 0.5 50 4 1
546 154 0 3 0.5 50 4 1
556 166 0 3 0.5 50 4 1
569 163 0 3 0.5 50 4 1
532 170 0 3 0.5 50 4 1
565 178 0 3 0.5 50 4 1
579 182 0 3 0.5 50 4 1
572 193 0 3 0.5 50 4 1
585 203 0 3 0.5 50 4 1
493 180 0 3 0.5 50 4 1
500 165 0 3 0.5 50 4 1
485 197 0 3 0.5 50 4 1
505 182 0 3 0.5 50 4 1