7
Data/Textures/backs/001.jpg
Data/Textures/Rect/Framed/1.png
Data/Textures/Rect/Simple/10.png
Data/Textures/Rect/Simple/8.png
Data/Textures/Rect/Framed/4.png
Data/Textures/Rect/Simple/3.png
Data/Textures/Rect/Simple/5.png
108
265 150 0 0 1.2 50 7 6
875 150 0 0 1.2 50 7 2
448 240 0 0 1.2 50 7 3
875 240 0 0 1.2 50 7 2
82 330 0 3 1.2 50 7 3
509 330 0 3 1.2 50 7 3
82 420 0 3 1.2 50 7 3
509 420 0 3 1.2 50 7 6

265 180 0 0 1.2 50 7 1
265 210 0 0 1.2 50 7 1
265 240 0 0 1.2 50 7 1
265 270 0 0 1.2 50 7 1
265 300 0 0 1.2 50 7 1
265 330 0 0 1.2 50 7 1
265 360 0 0 1.2 50 7 1
265 390 0 0 1.2 50 7 1
265 420 0 0 1.2 50 7 1
265 450 0 0 1.2 50 7 1
265 480 0 0 1.2 50 7 1

448 270 0 0 1.2 50 7 1
448 300 0 0 1.2 50 7 1
448 330 0 0 1.2 50 7 1
448 360 0 0 1.2 50 7 1
448 390 0 0 1.2 50 7 1
448 420 0 0 1.2 50 7 1
448 450 0 0 1.2 50 7 1
448 480 0 0 1.2 50 7 1

631 90 0 3 1.2 50 7 1
631 120 0 3 1.2 50 7 1
631 150 0 3 1.2 50 7 1
631 180 0 3 1.2 50 7 1
631 210 0 3 1.2 50 7 1
631 240 0 3 1.2 50 7 1
631 270 0 3 1.2 50 7 1
631 300 0 3 1.2 50 7 1

814 90 0 3 1.2 50 7 1
814 120 0 3 1.2 50 7 1
814 150 0 3 1.2 50 7 1
814 180 0 3 1.2 50 7 1
814 210 0 3 1.2 50 7 1
814 240 0 3 1.2 50 7 1
814 270 0 3 1.2 50 7 1
814 300 0 3 1.2 50 7 1
814 330 0 3 1.2 50 7 1
814 360 0 3 1.2 50 7 1
814 390 0 3 1.2 50 7 1

326 180 0 2 1.2 50 4 1
326 210 0 1 1.2 50 4 1
326 240 0 2 1.2 50 4 1
326 270 0 1 1.2 50 4 1
326 300 0 2 1.2 50 4 1
326 330 0 1 1.2 50 4 1
326 360 0 2 1.2 50 4 1
326 390 0 1 1.2 50 4 1
326 420 0 2 1.2 50 4 1
326 450 0 1 1.2 50 4 1

387 180 0 1 1.2 50 4 1
387 210 0 2 1.2 50 4 1
387 240 0 1 1.2 50 4 1
387 270 0 2 1.2 50 4 1
387 300 0 1 1.2 50 4 1
387 330 0 2 1.2 50 4 1
387 360 0 1 1.2 50 4 1
387 390 0 2 1.2 50 4 1
387 420 0 1 1.2 50 4 1
387 450 0 2 1.2 50 4 1

448 180 0 2 1.2 50 4 1
448 210 0 1 1.2 50 4 1
509 180 0 1 1.2 50 4 1
509 210 0 2 1.2 50 4 1
570 180 0 2 1.2 50 4 1
570 210 0 1 1.2 50 4 1
875 180 0 2 1.2 50 4 1
875 210 0 1 1.2 50 4 1
936 180 0 1 1.2 50 4 1
936 210 0 2 1.2 50 4 1

753 120 0 4 1.2 50 4 1
753 150 0 5 1.2 50 4 1
753 180 0 4 1.2 50 4 1
753 210 0 5 1.2 50 4 1
753 240 0 4 1.2 50 4 1
753 270 0 5 1.2 50 4 1
753 300 0 4 1.2 50 4 1
753 330 0 5 1.2 50 4 1
753 360 0 4 1.2 50 4 1
753 390 0 5 1.2 50 4 1

692 120 0 5 1.2 50 4 1
692 150 0 4 1.2 50 4 1
692 180 0 5 1.2 50 4 1
692 210 0 4 1.2 50 4 1
692 240 0 5 1.2 50 4 1
692 270 0 4 1.2 50 4 1
692 300 0 5 1.2 50 4 1
692 330 0 4 1.2 50 4 1
692 360 0 5 1.2 50 4 1
692 390 0 4 1.2 50 4 1

82 360 0 4 1.2 50 4 1
82 390 0 5 1.2 50 4 1
143 360 0 5 1.2 50 4 1
143 390 0 4 1.2 50 4 1
204 360 0 4 1.2 50 4 1
204 390 0 5 1.2 50 4 1
509 360 0 4 1.2 50 4 1
509 390 0 5 1.2 50 4 1
570 360 0 5 1.2 50 4 1
570 390 0 4 1.2 50 4 1
631 360 0 4 1.2 50 4 1
631 390 0 5 1.2 50 4 1